0 0.000000
10000 0.001693
20000 0.003025
30000 0.004608
40000 0.006129
50000 0.007756
60000 0.009338
70000 0.010938
80000 0.013095
90000 0.014073
100000 0.016795
110000 0.019533
120000 0.019784
130000 0.022260
140000 0.023500
150000 0.043230
160000 0.027127
170000 0.027928
180000 0.029376
190000 0.030482
200000 0.031907
210000 0.033689
220000 0.036370
230000 0.037172
240000 0.039958
250000 0.040648
260000 0.042173
270000 0.043957
280000 0.045544
290000 0.047004
300000 0.048338
310000 0.050599
320000 0.052253
330000 0.053249
340000 0.054865
350000 0.056821
360000 0.058223
370000 0.060657
380000 0.061801
390000 0.063518
400000 0.064417
410000 0.066667
420000 0.067918
430000 0.069967
440000 0.073332
450000 0.073007
460000 0.074738
470000 0.076962
480000 0.078126
490000 0.079675
500000 0.081857
510000 0.082913
520000 0.086463
530000 0.086119
540000 0.089066
550000 0.089400
560000 0.091092
570000 0.095411
580000 0.095605
590000 0.097475
600000 0.103801
610000 0.101880
620000 0.102238
630000 0.105626
640000 0.104622
650000 0.106546
660000 0.107989
670000 0.111316
680000 0.113524
690000 0.114717
700000 0.115769
710000 0.116239
720000 0.118979
730000 0.119941
740000 0.120752
750000 0.123465
760000 0.127681
770000 0.128589
780000 0.128460
790000 0.131782
800000 0.131013
810000 0.133029
820000 0.136691
830000 0.138639
840000 0.138534
850000 0.142227
860000 0.142021
870000 0.143799
880000 0.146969
890000 0.148726
900000 0.147595
910000 0.150272
920000 0.155345
930000 0.158552
940000 0.157449
950000 0.158252
960000 0.158968
970000 0.161461
980000 0.165067
990000 0.167428
1000000 0.164513
