0 0.000000
10000 0.001317
20000 0.002651
30000 0.004175
40000 0.005577
50000 0.007090
60000 0.008566
70000 0.010678
80000 0.012488
90000 0.013683
100000 0.014971
110000 0.018134
120000 0.022254
130000 0.019958
140000 0.023278
150000 0.024071
160000 0.023828
170000 0.025372
180000 0.027311
190000 0.028393
200000 0.029593
210000 0.031837
220000 0.033418
230000 0.033932
240000 0.036707
250000 0.037327
260000 0.039790
270000 0.041898
280000 0.042641
290000 0.043910
300000 0.045047
310000 0.046921
320000 0.048467
330000 0.049883
340000 0.051176
350000 0.053499
360000 0.054664
370000 0.056316
380000 0.059285
390000 0.058548
400000 0.060827
410000 0.061996
420000 0.063839
430000 0.065599
440000 0.066779
450000 0.068572
460000 0.070484
470000 0.071488
480000 0.072407
490000 0.074746
500000 0.077424
510000 0.083420
520000 0.080694
530000 0.083017
540000 0.085079
550000 0.085574
560000 0.085329
570000 0.087426
580000 0.087963
590000 0.091340
600000 0.092429
610000 0.092760
620000 0.096262
630000 0.099402
640000 0.098519
650000 0.100884
660000 0.103769
670000 0.104179
680000 0.106963
690000 0.108453
700000 0.107709
710000 0.110848
720000 0.110349
730000 0.113903
740000 0.112970
750000 0.116434
760000 0.117335
770000 0.118877
780000 0.120793
790000 0.121159
800000 0.124375
810000 0.124425
820000 0.126697
830000 0.129625
840000 0.131726
850000 0.131251
860000 0.134316
870000 0.136671
880000 0.138290
890000 0.140893
900000 0.143706
910000 0.141130
920000 0.143489
930000 0.146312
940000 0.148077
950000 0.148422
960000 0.150135
970000 0.154444
980000 0.156187
990000 0.157858
1000000 0.170849
