0 0.000000
10000 0.001271
20000 0.002609
30000 0.004009
40000 0.005537
50000 0.006970
60000 0.008466
70000 0.010089
80000 0.011364
90000 0.012939
100000 0.015606
110000 0.017146
120000 0.018001
130000 0.019046
140000 0.020574
150000 0.022316
160000 0.024278
170000 0.025199
180000 0.026600
190000 0.029087
200000 0.029929
210000 0.032029
220000 0.033925
230000 0.034485
240000 0.036756
250000 0.038485
260000 0.039758
270000 0.041052
280000 0.042882
290000 0.045189
300000 0.045512
310000 0.051883
320000 0.048703
330000 0.050614
340000 0.051666
350000 0.053232
360000 0.054821
370000 0.059018
380000 0.059123
390000 0.059917
400000 0.061787
410000 0.062860
420000 0.065280
430000 0.067489
440000 0.067484
450000 0.069517
460000 0.074599
470000 0.080640
480000 0.079144
490000 0.081764
500000 0.078859
510000 0.080497
520000 0.083923
530000 0.082459
540000 0.083559
550000 0.086055
560000 0.089445
570000 0.089180
580000 0.091136
590000 0.091379
600000 0.094043
610000 0.094041
620000 0.096192
630000 0.098396
640000 0.099285
650000 0.100988
660000 0.103959
670000 0.104777
680000 0.106225
690000 0.107084
700000 0.109797
710000 0.110603
720000 0.114216
730000 0.114656
740000 0.114273
750000 0.117599
760000 0.118578
770000 0.120441
780000 0.124453
790000 0.123135
800000 0.125933
810000 0.126460
820000 0.127742
830000 0.131001
840000 0.133032
850000 0.134433
860000 0.137794
870000 0.136851
880000 0.137319
890000 0.141156
900000 0.141646
910000 0.143706
920000 0.144996
930000 0.147006
940000 0.147355
950000 0.150683
960000 0.153074
970000 0.154313
980000 0.157241
990000 0.156174
1000000 0.157740
