0 0.000000
10000 0.001558
20000 0.003608
30000 0.005683
40000 0.006783
50000 0.008629
60000 0.010623
70000 0.012558
80000 0.014172
90000 0.015903
100000 0.017705
110000 0.020404
120000 0.021513
130000 0.023892
140000 0.025902
150000 0.027220
160000 0.029807
170000 0.030850
180000 0.032790
190000 0.034727
200000 0.036462
210000 0.038497
220000 0.041535
230000 0.042137
240000 0.044069
250000 0.047008
260000 0.047816
270000 0.050616
280000 0.051975
290000 0.053634
300000 0.055125
310000 0.057398
320000 0.059741
330000 0.060819
340000 0.063006
350000 0.064866
360000 0.066862
370000 0.068829
380000 0.071768
390000 0.072944
400000 0.074427
410000 0.078009
420000 0.079109
430000 0.081582
440000 0.081929
450000 0.083960
460000 0.087204
470000 0.089310
480000 0.096033
490000 0.093955
500000 0.093405
510000 0.095493
520000 0.106890
530000 0.099651
540000 0.100993
550000 0.105883
560000 0.106781
570000 0.108311
580000 0.110911
590000 0.112659
600000 0.115256
610000 0.116462
620000 0.116586
630000 0.121514
640000 0.120673
650000 0.123802
660000 0.127614
670000 0.128596
680000 0.129254
690000 0.130737
700000 0.135480
710000 0.138717
720000 0.137291
730000 0.140887
740000 0.142861
750000 0.145167
760000 0.144906
770000 0.146065
780000 0.149581
790000 0.151068
800000 0.151834
810000 0.153145
820000 0.156314
830000 0.160136
840000 0.160184
850000 0.161446
860000 0.173256
870000 0.170556
880000 0.167949
890000 0.171666
900000 0.171663
910000 0.175794
920000 0.177560
930000 0.178251
940000 0.183193
950000 0.185295
960000 0.186289
970000 0.186777
980000 0.188641
990000 0.190517
1000000 0.192119
