0 0.000001
10000 0.002287
20000 0.005019
30000 0.007346
40000 0.009477
50000 0.010945
60000 0.013381
70000 0.015252
80000 0.017457
90000 0.019304
100000 0.023880
110000 0.023537
120000 0.025751
130000 0.028583
140000 0.030803
150000 0.045782
160000 0.040170
170000 0.040942
180000 0.042121
190000 0.044095
200000 0.048383
210000 0.048512
220000 0.050950
230000 0.048383
240000 0.054913
250000 0.055161
260000 0.056757
270000 0.058753
280000 0.076853
290000 0.083586
300000 0.105346
310000 0.096672
320000 0.101901
330000 0.108719
340000 0.116439
350000 0.098860
360000 0.125714
370000 0.135449
380000 0.111481
390000 0.124345
400000 0.125138
410000 0.132442
420000 0.128494
430000 0.147443
440000 0.133232
450000 0.154270
460000 0.142071
470000 0.142998
480000 0.167767
490000 0.134249
500000 0.165262
510000 0.154899
520000 0.145015
530000 0.156117
540000 0.205468
550000 0.165260
560000 0.191898
570000 0.168452
580000 0.159073
590000 0.178950
600000 0.193586
610000 0.175423
620000 0.202371
630000 0.197292
640000 0.193375
650000 0.193762
660000 0.202090
670000 0.219813
680000 0.202632
690000 0.188724
700000 0.233533
710000 0.213960
720000 0.227236
730000 0.205938
740000 0.230129
750000 0.227025
760000 0.234491
770000 0.243005
780000 0.214289
790000 0.236705
800000 0.246895
810000 0.232546
820000 0.242652
830000 0.243381
840000 0.258354
850000 0.246518
860000 0.259788
870000 0.237944
880000 0.274024
890000 0.262990
900000 0.289162
910000 0.273346
920000 0.231476
930000 0.248616
940000 0.217417
950000 0.209240
960000 0.225471
970000 0.221262
980000 0.232977
990000 0.221220
1000000 0.266025
