0 0.000000
10000 0.001290
20000 0.002692
30000 0.003949
40000 0.005370
50000 0.007097
60000 0.008279
70000 0.009646
80000 0.011133
90000 0.012599
100000 0.014067
110000 0.015525
120000 0.016960
130000 0.019942
140000 0.020500
150000 0.021767
160000 0.023673
170000 0.024931
180000 0.026160
190000 0.028001
200000 0.029056
210000 0.030470
220000 0.032225
230000 0.033658
240000 0.034872
250000 0.036875
260000 0.038073
270000 0.040381
280000 0.041839
290000 0.043334
300000 0.044535
310000 0.045834
320000 0.049021
330000 0.048903
340000 0.050495
350000 0.053089
360000 0.054408
370000 0.055489
380000 0.057561
390000 0.058322
400000 0.060271
410000 0.060884
420000 0.063478
430000 0.065677
440000 0.065736
450000 0.067546
460000 0.070445
470000 0.070692
480000 0.072600
490000 0.074078
500000 0.074965
510000 0.077969
520000 0.078208
530000 0.080597
540000 0.081236
550000 0.082918
560000 0.086267
570000 0.085652
580000 0.087169
590000 0.088846
600000 0.090286
610000 0.091710
620000 0.095631
630000 0.096492
640000 0.097251
650000 0.097795
660000 0.103630
670000 0.120215
680000 0.117532
690000 0.106866
700000 0.109250
710000 0.109309
720000 0.111819
730000 0.116320
740000 0.111374
750000 0.114283
760000 0.115547
770000 0.118443
780000 0.118552
790000 0.119542
800000 0.123047
810000 0.123368
820000 0.125203
830000 0.127459
840000 0.128824
850000 0.131135
860000 0.131839
870000 0.133610
880000 0.135682
890000 0.137523
900000 0.140358
910000 0.142914
920000 0.142128
930000 0.143760
940000 0.144026
950000 0.146818
960000 0.146800
970000 0.149037
980000 0.149902
990000 0.153686
1000000 0.153982
