0 0.000001
10000 0.001298
20000 0.002554
30000 0.003935
40000 0.005491
50000 0.006971
60000 0.008500
70000 0.009972
80000 0.011532
90000 0.013288
100000 0.015134
110000 0.016357
120000 0.023005
130000 0.023340
140000 0.025848
150000 0.026282
160000 0.024914
170000 0.028009
180000 0.038659
190000 0.036302
200000 0.045594
210000 0.040668
220000 0.042370
230000 0.049824
240000 0.046414
250000 0.048940
260000 0.056004
270000 0.067660
280000 0.070082
290000 0.076926
300000 0.074259
310000 0.069742
320000 0.075403
330000 0.065761
340000 0.076285
350000 0.071709
360000 0.079266
370000 0.087408
380000 0.076026
390000 0.082752
400000 0.081184
410000 0.100465
420000 0.109733
430000 0.102713
440000 0.084217
450000 0.098724
460000 0.096049
470000 0.094708
480000 0.103774
490000 0.108273
500000 0.095657
510000 0.098479
520000 0.140300
530000 0.105647
540000 0.126257
550000 0.107380
560000 0.133079
570000 0.118433
580000 0.138038
590000 0.122791
600000 0.126296
610000 0.143776
620000 0.149539
630000 0.135744
640000 0.144716
650000 0.147364
660000 0.139044
670000 0.131265
680000 0.152830
690000 0.157962
700000 0.134763
710000 0.168865
720000 0.152079
730000 0.154593
740000 0.147393
750000 0.157149
760000 0.155956
770000 0.179555
780000 0.178861
790000 0.175137
800000 0.170009
810000 0.174548
820000 0.184373
830000 0.175450
840000 0.182661
850000 0.187003
860000 0.186466
870000 0.191412
880000 0.184571
890000 0.208055
900000 0.178821
910000 0.210348
920000 0.193802
930000 0.194961
940000 0.197471
950000 0.225837
960000 0.209896
970000 0.230027
980000 0.203947
990000 0.211454
1000000 0.225769
