0 0.000000
10000 0.003991
20000 0.007384
30000 0.011259
40000 0.015543
50000 0.019587
60000 0.023838
70000 0.028313
80000 0.033185
90000 0.036917
100000 0.041305
110000 0.045980
120000 0.050477
130000 0.055026
140000 0.059634
150000 0.064070
160000 0.069563
170000 0.073518
180000 0.078470
190000 0.083026
200000 0.087833
210000 0.092335
220000 0.097065
230000 0.101981
240000 0.106940
250000 0.111949
260000 0.116768
270000 0.121437
280000 0.126448
290000 0.131777
300000 0.135800
310000 0.140996
320000 0.146198
330000 0.151112
340000 0.155954
350000 0.160732
360000 0.165389
370000 0.170531
380000 0.175890
390000 0.180428
400000 0.185367
410000 0.190257
420000 0.194623
430000 0.199678
440000 0.205087
450000 0.210237
460000 0.214880
470000 0.220178
480000 0.224402
490000 0.230028
500000 0.234866
510000 0.240047
520000 0.245017
530000 0.250663
540000 0.254848
550000 0.260569
560000 0.265367
570000 0.270636
580000 0.275808
590000 0.280909
600000 0.286132
610000 0.291440
620000 0.295932
630000 0.301526
640000 0.306832
650000 0.311563
660000 0.316474
670000 0.322073
680000 0.327653
690000 0.333495
700000 0.337809
710000 0.342979
720000 0.348281
730000 0.353917
740000 0.358502
750000 0.363951
760000 0.369928
770000 0.374919
780000 0.379641
790000 0.385005
800000 0.390918
810000 0.395897
820000 0.401433
830000 0.405916
840000 0.412104
850000 0.416922
860000 0.421295
870000 0.436836
880000 0.432794
890000 0.438800
900000 0.444167
910000 0.448709
920000 0.454478
930000 0.460441
940000 0.465709
950000 0.471215
960000 0.491646
970000 0.538548
980000 0.486237
990000 0.494835
1000000 0.498058
