0 0.000000
10000 0.003580
20000 0.008038
30000 0.012115
40000 0.017269
50000 0.020931
60000 0.026915
70000 0.032154
80000 0.035295
90000 0.058372
100000 0.069612
110000 0.061832
120000 0.069430
130000 0.067699
140000 0.080917
150000 0.089326
160000 0.084732
170000 0.091452
180000 0.096429
190000 0.104760
200000 0.098193
210000 0.110384
220000 0.117305
230000 0.121916
240000 0.119644
250000 0.126288
260000 0.141144
270000 0.143904
280000 0.141050
290000 0.151798
300000 0.152429
310000 0.160936
320000 0.168637
330000 0.169763
340000 0.178187
350000 0.188140
360000 0.189115
370000 0.199646
380000 0.198904
390000 0.207770
400000 0.209575
410000 0.226468
420000 0.224909
430000 0.231491
440000 0.234153
450000 0.269429
460000 0.269616
470000 0.256598
480000 0.259045
490000 0.271431
500000 0.272657
510000 0.276050
520000 0.338318
530000 0.354019
540000 0.298408
550000 0.310353
560000 0.318124
570000 0.332705
580000 0.341858
590000 0.338930
600000 0.384067
610000 0.344041
620000 0.353543
630000 0.433066
640000 0.381222
650000 0.422453
660000 0.421309
670000 0.426196
680000 0.440978
690000 0.462095
700000 0.430176
710000 0.505455
720000 0.565366
730000 0.507949
740000 0.446669
750000 0.432720
760000 0.454877
770000 0.453547
780000 0.448346
790000 0.457464
800000 0.459757
810000 0.466106
820000 0.474783
830000 0.518702
840000 0.507679
850000 0.478301
860000 0.548627
870000 0.562694
880000 0.619829
890000 0.636073
900000 0.717966
910000 0.650869
920000 0.650755
930000 0.724770
940000 0.548374
950000 0.542310
960000 0.549641
970000 0.558311
980000 0.562100
990000 0.563359
1000000 0.573695
