0 0.000001
10000 0.003996
20000 0.007753
30000 0.011968
40000 0.016610
50000 0.020617
60000 0.025053
70000 0.029453
80000 0.034148
90000 0.038718
100000 0.043463
110000 0.048106
120000 0.053110
130000 0.057676
140000 0.062623
150000 0.067382
160000 0.072243
170000 0.076987
180000 0.082525
190000 0.086761
200000 0.092153
210000 0.096600
220000 0.101687
230000 0.107074
240000 0.111949
250000 0.116430
260000 0.121601
270000 0.129637
280000 0.131366
290000 0.136977
300000 0.141575
310000 0.146693
320000 0.151764
330000 0.156932
340000 0.161671
350000 0.166797
360000 0.171776
370000 0.177251
380000 0.182020
390000 0.187083
400000 0.192356
410000 0.197537
420000 0.202833
430000 0.208034
440000 0.213288
450000 0.218804
460000 0.224227
470000 0.228836
480000 0.234327
490000 0.239055
500000 0.244455
510000 0.250533
520000 0.255158
530000 0.260362
540000 0.265743
550000 0.271840
560000 0.277944
570000 0.282374
580000 0.287359
590000 0.293003
600000 0.298342
610000 0.303041
620000 0.308696
630000 0.313826
640000 0.319457
650000 0.324693
660000 0.330923
670000 0.336893
680000 0.341693
690000 0.346128
700000 0.354436
710000 0.359007
720000 0.362432
730000 0.368593
740000 0.373023
750000 0.379512
760000 0.384418
770000 0.390733
780000 0.395950
790000 0.402143
800000 0.406848
810000 0.412253
820000 0.418819
830000 0.423010
840000 0.428796
850000 0.433669
860000 0.438972
870000 0.445968
880000 0.451191
890000 0.456252
900000 0.461958
910000 0.466802
920000 0.471927
930000 0.478311
940000 0.483005
950000 0.490312
960000 0.500485
970000 0.499964
980000 0.505767
990000 0.511486
1000000 0.517940
