0 0.000001
10000 0.003573
20000 0.007908
30000 0.012237
40000 0.016417
50000 0.020516
60000 0.025006
70000 0.030830
80000 0.034428
90000 0.040742
100000 0.045221
110000 0.053300
120000 0.065456
130000 0.062974
140000 0.086591
150000 0.076089
160000 0.075527
170000 0.089920
180000 0.088000
190000 0.100508
200000 0.125943
210000 0.122148
220000 0.147911
230000 0.151629
240000 0.142166
250000 0.147234
260000 0.163925
270000 0.162625
280000 0.180066
290000 0.183942
300000 0.177795
310000 0.170956
320000 0.197883
330000 0.193266
340000 0.171929
350000 0.243659
360000 0.246497
370000 0.236990
380000 0.265047
390000 0.253387
400000 0.220363
410000 0.216918
420000 0.247738
430000 0.279605
440000 0.271155
450000 0.337333
460000 0.297815
470000 0.343442
480000 0.394623
490000 0.336365
500000 0.315804
510000 0.330344
520000 0.296972
530000 0.287685
540000 0.292462
550000 0.296528
560000 0.355095
570000 0.323050
580000 0.314948
590000 0.331983
600000 0.331767
610000 0.362751
620000 0.418826
630000 0.415235
640000 0.355240
650000 0.395294
660000 0.406669
670000 0.375313
680000 0.378223
690000 0.388635
700000 0.388805
710000 0.432756
720000 0.527778
730000 0.416703
740000 0.414693
750000 0.416150
760000 0.424075
770000 0.443104
780000 0.439101
790000 0.449023
800000 0.448263
810000 0.462493
820000 0.460324
830000 0.474057
840000 0.470739
850000 0.488506
860000 0.489036
870000 0.551797
880000 0.504554
890000 0.525568
900000 0.517519
910000 0.518255
920000 0.531116
930000 0.563837
940000 0.590897
950000 0.546614
960000 0.563230
970000 0.563208
980000 0.558332
990000 0.571516
1000000 0.577749
