0 0.000001
10000 0.004431
20000 0.009007
30000 0.013888
40000 0.019079
50000 0.024480
60000 0.029451
70000 0.034711
80000 0.040650
90000 0.045653
100000 0.051315
110000 0.057518
120000 0.062855
130000 0.068334
140000 0.074108
150000 0.080136
160000 0.086134
170000 0.091805
180000 0.097100
190000 0.103421
200000 0.109473
210000 0.115106
220000 0.121311
230000 0.127030
240000 0.132960
250000 0.139229
260000 0.145720
270000 0.151411
280000 0.157737
290000 0.163775
300000 0.169592
310000 0.175970
320000 0.182058
330000 0.188387
340000 0.194970
350000 0.200404
360000 0.207058
370000 0.213607
380000 0.219410
390000 0.225481
400000 0.231929
410000 0.238419
420000 0.244406
430000 0.251938
440000 0.257623
450000 0.263612
460000 0.270140
470000 0.275919
480000 0.282446
490000 0.288344
500000 0.295085
510000 0.301364
520000 0.307561
530000 0.314130
540000 0.321046
550000 0.327390
560000 0.334285
570000 0.340552
580000 0.347416
590000 0.354026
600000 0.359529
610000 0.365991
620000 0.372710
630000 0.380078
640000 0.387276
650000 0.392999
660000 0.398995
670000 0.405819
680000 0.411699
690000 0.419466
700000 0.426719
710000 0.432294
720000 0.440026
730000 0.446089
740000 0.453482
750000 0.458980
760000 0.465561
770000 0.473116
780000 0.481244
790000 0.486334
800000 0.492838
810000 0.500220
820000 0.506519
830000 0.512335
840000 0.518950
850000 0.526443
860000 0.531232
870000 0.538882
880000 0.553938
890000 0.554987
900000 0.565423
910000 0.566256
920000 0.572519
930000 0.577606
940000 0.586529
950000 0.592256
960000 0.598668
970000 0.605431
980000 0.612764
990000 0.619757
1000000 0.628029
