0 0.000000
10000 0.001202
20000 0.002568
30000 0.003913
40000 0.005340
50000 0.006836
60000 0.009699
70000 0.009645
80000 0.012496
90000 0.012995
100000 0.014649
110000 0.016087
120000 0.018078
130000 0.042895
140000 0.046016
150000 0.026087
160000 0.028835
170000 0.037816
180000 0.031671
190000 0.035135
200000 0.037742
210000 0.038028
220000 0.042257
230000 0.040606
240000 0.045772
250000 0.058685
260000 0.050694
270000 0.058863
280000 0.063939
290000 0.062019
300000 0.065363
310000 0.068494
320000 0.068845
330000 0.071089
340000 0.073711
350000 0.075935
360000 0.079323
370000 0.079064
380000 0.081445
390000 0.087173
400000 0.087236
410000 0.086564
420000 0.095000
430000 0.092161
440000 0.093134
450000 0.101248
460000 0.097860
470000 0.097237
480000 0.104022
490000 0.105582
500000 0.106315
510000 0.111728
520000 0.107301
530000 0.116761
540000 0.119723
550000 0.122961
560000 0.118217
570000 0.124418
580000 0.127795
590000 0.134613
600000 0.136803
610000 0.133180
620000 0.136373
630000 0.139963
640000 0.145667
650000 0.144705
660000 0.150221
670000 0.152326
680000 0.150342
690000 0.156291
700000 0.163143
710000 0.166207
720000 0.161938
730000 0.169273
740000 0.173399
750000 0.168803
760000 0.182763
770000 0.169093
780000 0.174531
790000 0.176530
800000 0.170836
810000 0.173478
820000 0.184779
830000 0.182906
840000 0.182704
850000 0.195314
860000 0.187833
870000 0.206329
880000 0.195456
890000 0.200249
900000 0.219980
910000 0.217209
920000 0.222759
930000 0.218869
940000 0.222378
950000 0.226535
960000 0.249907
970000 0.274538
980000 0.266423
990000 0.255039
1000000 0.269569
