0 0.000000
1 0.000000
2 0.000001
3 0.000001
4 0.000001
5 0.000001
6 0.000001
7 0.000001
8 0.000001
9 0.000001
10 0.000001
11 0.000001
12 0.000001
13 0.000001
14 0.000001
15 0.000001
16 0.000002
17 0.000001
18 0.000002
19 0.000002
20 0.000002
21 0.000002
22 0.000002
23 0.000002
24 0.000002
25 0.000002
26 0.000002
27 0.000002
28 0.000002
29 0.000002
30 0.000002
31 0.000003
32 0.000004
33 0.000003
34 0.000003
35 0.000003
36 0.000003
37 0.000004
38 0.000003
39 0.000003
40 0.000005
41 0.000004
42 0.000004
43 0.000004
44 0.000004
45 0.000004
46 0.000004
47 0.000004
48 0.000004
49 0.000004
50 0.000004
51 0.000005
52 0.000006
53 0.000005
54 0.000005
55 0.000006
56 0.000005
57 0.000005
58 0.000005
59 0.000005
60 0.000005
61 0.000005
62 0.000005
63 0.000005
64 0.000006
65 0.000006
66 0.000005
67 0.000006
68 0.000005
69 0.000005
70 0.000005
71 0.000005
72 0.000005
73 0.000006
74 0.000005
75 0.000006
76 0.000006
77 0.000006
78 0.000006
79 0.000007
80 0.000006
81 0.000006
82 0.000006
83 0.000006
84 0.000006
85 0.000006
86 0.000007
87 0.000007
88 0.000007
89 0.000007
90 0.000007
91 0.000008
92 0.000007
93 0.000007
94 0.000007
95 0.000007
96 0.000008
97 0.000007
98 0.000008
99 0.000008
100 0.000008
