0 0.000000
10000 0.001577
20000 0.002903
30000 0.004376
40000 0.006095
50000 0.007839
60000 0.009006
70000 0.010771
80000 0.012500
90000 0.014076
100000 0.015382
110000 0.017152
120000 0.019271
130000 0.021044
140000 0.022927
150000 0.025197
160000 0.034091
170000 0.034774
180000 0.034553
190000 0.036089
200000 0.040174
210000 0.038258
220000 0.040743
230000 0.044369
240000 0.045776
250000 0.046989
260000 0.047809
270000 0.050757
280000 0.056742
290000 0.069680
300000 0.067923
310000 0.081658
320000 0.078930
330000 0.088765
340000 0.080048
350000 0.082285
360000 0.087447
370000 0.084275
380000 0.093461
390000 0.103217
400000 0.095815
410000 0.104822
420000 0.101452
430000 0.111200
440000 0.102847
450000 0.107828
460000 0.108768
470000 0.116281
480000 0.119235
490000 0.125876
500000 0.134188
510000 0.117175
520000 0.133593
530000 0.131820
540000 0.134153
550000 0.148762
560000 0.150834
570000 0.150256
580000 0.131820
590000 0.149364
600000 0.156969
610000 0.153143
620000 0.163822
630000 0.175648
640000 0.153959
650000 0.172535
660000 0.158232
670000 0.173233
680000 0.167350
690000 0.198281
700000 0.179937
710000 0.177316
720000 0.179718
730000 0.184697
740000 0.176035
750000 0.212111
760000 0.200354
770000 0.200180
780000 0.206773
790000 0.203396
800000 0.191508
810000 0.206878
820000 0.214735
830000 0.214871
840000 0.208483
850000 0.216451
860000 0.228803
870000 0.228805
880000 0.235869
890000 0.231838
900000 0.237749
910000 0.227145
920000 0.226878
930000 0.241404
940000 0.261686
950000 0.247546
960000 0.237732
970000 0.245627
980000 0.236729
990000 0.247888
1000000 0.250324
