0 0.000001
10000 0.001241
20000 0.002657
30000 0.004038
40000 0.005411
50000 0.006995
60000 0.008495
70000 0.010541
80000 0.012103
90000 0.013625
100000 0.014767
110000 0.018219
120000 0.019574
130000 0.029802
140000 0.028138
150000 0.041889
160000 0.030938
170000 0.031683
180000 0.033272
190000 0.036702
200000 0.037872
210000 0.044800
220000 0.047973
230000 0.045121
240000 0.050414
250000 0.059158
260000 0.055249
270000 0.066712
280000 0.063115
290000 0.062375
300000 0.067232
310000 0.066098
320000 0.068627
330000 0.071641
340000 0.075855
350000 0.081029
360000 0.079566
370000 0.081087
380000 0.086103
390000 0.084968
400000 0.084565
410000 0.088407
420000 0.093967
430000 0.093267
440000 0.101503
450000 0.101476
460000 0.101514
470000 0.105708
480000 0.106058
490000 0.104679
500000 0.115766
510000 0.113086
520000 0.119385
530000 0.120072
540000 0.120430
550000 0.123618
560000 0.127724
570000 0.130187
580000 0.130629
590000 0.136990
600000 0.138554
610000 0.143336
620000 0.143238
630000 0.145604
640000 0.159210
650000 0.152158
660000 0.147244
670000 0.150594
680000 0.157089
690000 0.157713
700000 0.167088
710000 0.166443
720000 0.171984
730000 0.172447
740000 0.180561
750000 0.172511
760000 0.180073
770000 0.176217
780000 0.182279
790000 0.181932
800000 0.187819
810000 0.183784
820000 0.207771
830000 0.225714
840000 0.215639
850000 0.223071
860000 0.223971
870000 0.206338
880000 0.212066
890000 0.222115
900000 0.210823
910000 0.227961
920000 0.224600
930000 0.212837
940000 0.224936
950000 0.224578
960000 0.231647
970000 0.234828
980000 0.256068
990000 0.270201
1000000 0.246788
