0 0.000000
10000 0.001520
20000 0.003401
30000 0.004347
40000 0.006779
50000 0.007453
60000 0.009148
70000 0.010635
80000 0.012171
90000 0.013885
100000 0.015854
110000 0.018481
120000 0.018840
130000 0.063059
140000 0.031549
150000 0.026218
160000 0.032864
170000 0.029822
180000 0.032896
190000 0.040080
200000 0.038421
210000 0.041932
220000 0.045913
230000 0.045623
240000 0.045712
250000 0.052627
260000 0.048314
270000 0.066499
280000 0.072330
290000 0.068705
300000 0.069664
310000 0.072086
320000 0.074089
330000 0.079409
340000 0.076872
350000 0.089064
360000 0.087222
370000 0.094213
380000 0.097881
390000 0.107450
400000 0.104821
410000 0.102146
420000 0.106266
430000 0.109861
440000 0.116383
450000 0.114562
460000 0.121868
470000 0.128153
480000 0.134974
490000 0.128792
500000 0.131583
510000 0.127880
520000 0.131056
530000 0.127217
540000 0.140942
550000 0.145882
560000 0.144475
570000 0.156898
580000 0.152873
590000 0.142096
600000 0.145233
610000 0.146018
620000 0.153281
630000 0.175672
640000 0.156174
650000 0.165360
660000 0.162940
670000 0.166336
680000 0.179351
690000 0.180576
700000 0.186990
710000 0.186087
720000 0.178232
730000 0.179125
740000 0.173829
750000 0.192610
760000 0.191971
770000 0.186412
780000 0.196444
790000 0.207173
800000 0.198844
810000 0.202084
820000 0.211937
830000 0.212569
840000 0.198964
850000 0.198549
860000 0.212570
870000 0.206823
880000 0.215205
890000 0.217178
900000 0.230518
910000 0.223941
920000 0.240389
930000 0.252949
940000 0.240928
950000 0.269232
960000 0.251100
970000 0.241040
980000 0.240490
990000 0.240440
1000000 0.275463
