0 0.000000
10000 0.001680
20000 0.003506
30000 0.005573
40000 0.007865
50000 0.009724
60000 0.011881
70000 0.014515
80000 0.016104
90000 0.020146
100000 0.021435
110000 0.025830
120000 0.023952
130000 0.026600
140000 0.028793
150000 0.034153
160000 0.036168
170000 0.064766
180000 0.044197
190000 0.042137
200000 0.044077
210000 0.044354
220000 0.046453
230000 0.047616
240000 0.050458
250000 0.053062
260000 0.055557
270000 0.057351
280000 0.077259
290000 0.092947
300000 0.097627
310000 0.088604
320000 0.099598
330000 0.094013
340000 0.111987
350000 0.099689
360000 0.132198
370000 0.109952
380000 0.108510
390000 0.118332
400000 0.131302
410000 0.125330
420000 0.123778
430000 0.136198
440000 0.137060
450000 0.129213
460000 0.139527
470000 0.127740
480000 0.149218
490000 0.133551
500000 0.141341
510000 0.196701
520000 0.173545
530000 0.173658
540000 0.149513
550000 0.192580
560000 0.203599
570000 0.170121
580000 0.169295
590000 0.211108
600000 0.201695
610000 0.197116
620000 0.224522
630000 0.212869
640000 0.188672
650000 0.193618
660000 0.221332
670000 0.216977
680000 0.237936
690000 0.238731
700000 0.253902
710000 0.239837
720000 0.240452
730000 0.236502
740000 0.241497
750000 0.241881
760000 0.257228
770000 0.273379
780000 0.243401
790000 0.268138
800000 0.238783
810000 0.257832
820000 0.280936
830000 0.255602
840000 0.276468
850000 0.353181
860000 0.358962
870000 0.321018
880000 0.301027
890000 0.306250
900000 0.322030
910000 0.295801
920000 0.332742
930000 0.310762
940000 0.302464
950000 0.293555
960000 0.343948
970000 0.324732
980000 0.327104
990000 0.343828
1000000 0.336958
