0 0.000000
10000 0.004044
20000 0.007999
30000 0.014201
40000 0.021303
50000 0.021641
60000 0.025665
70000 0.031580
80000 0.038353
90000 0.045767
100000 0.056922
110000 0.065999
120000 0.065694
130000 0.059628
140000 0.065263
150000 0.069738
160000 0.085451
170000 0.080342
180000 0.091270
190000 0.085480
200000 0.089727
210000 0.088364
220000 0.129804
230000 0.122982
240000 0.131148
250000 0.154813
260000 0.163429
270000 0.184221
280000 0.161444
290000 0.189785
300000 0.193306
310000 0.171881
320000 0.180778
330000 0.192533
340000 0.197592
350000 0.217184
360000 0.230607
370000 0.228663
380000 0.245657
390000 0.277368
400000 0.270682
410000 0.278714
420000 0.287580
430000 0.301002
440000 0.288127
450000 0.296047
460000 0.314924
470000 0.343426
480000 0.353663
490000 0.227249
500000 0.237003
510000 0.236223
520000 0.236510
530000 0.251066
540000 0.252935
550000 0.256310
560000 0.269115
570000 0.264545
580000 0.269672
590000 0.287281
600000 0.295137
610000 0.276740
620000 0.283554
630000 0.280005
640000 0.285868
650000 0.290754
660000 0.291321
670000 0.292366
680000 0.296570
690000 0.304930
700000 0.308792
710000 0.347015
720000 0.398244
730000 0.500228
740000 0.486782
750000 0.496711
760000 0.544589
770000 0.506748
780000 0.499836
790000 0.516552
800000 0.519642
810000 0.519784
820000 0.533542
830000 0.545424
840000 0.518647
850000 0.517380
860000 0.570333
870000 0.586940
880000 0.608928
890000 0.603982
900000 0.605529
910000 0.638912
920000 0.595106
930000 0.603207
940000 0.604382
950000 0.680012
960000 0.643144
970000 0.463351
980000 0.462163
990000 0.472966
1000000 0.456938
