0 0.000001
10000 0.006060
20000 0.010365
30000 0.014443
40000 0.020170
50000 0.027100
60000 0.029653
70000 0.036502
80000 0.046618
90000 0.057376
100000 0.088092
110000 0.092710
120000 0.070257
130000 0.079553
140000 0.089890
150000 0.119882
160000 0.116063
170000 0.120652
180000 0.134843
190000 0.166346
200000 0.227082
210000 0.223705
220000 0.217062
230000 0.232054
240000 0.252773
250000 0.245007
260000 0.204237
270000 0.198182
280000 0.221314
290000 0.259104
300000 0.230185
310000 0.282070
320000 0.265935
330000 0.297421
340000 0.298558
350000 0.306962
360000 0.345133
370000 0.345135
380000 0.331987
390000 0.357141
400000 0.376457
410000 0.380478
420000 0.406067
430000 0.389809
440000 0.363642
450000 0.413076
460000 0.414428
470000 0.387395
480000 0.369894
490000 0.392256
500000 0.409262
510000 0.384898
520000 0.419617
530000 0.428285
540000 0.475342
550000 0.511306
560000 0.539538
570000 0.549830
580000 0.630157
590000 0.622447
600000 0.511803
610000 0.625347
620000 0.699357
630000 0.593096
640000 0.590992
650000 0.636743
660000 0.639125
670000 0.629335
680000 0.817643
690000 0.745407
700000 0.788338
710000 0.738410
720000 0.720411
730000 0.814772
740000 0.764855
750000 0.649148
760000 0.526864
770000 0.535512
780000 0.581051
790000 0.681069
800000 0.633333
810000 0.655952
820000 0.883430
830000 0.704741
840000 0.695811
850000 0.788785
860000 0.681076
870000 0.717919
880000 0.712050
890000 0.709977
900000 0.838000
910000 0.847177
920000 0.840084
930000 0.910458
940000 0.941238
950000 0.979175
960000 0.960222
970000 0.940354
980000 0.980621
990000 0.962291
1000000 1.135380
