0 0.000000
10000 0.001991
20000 0.003926
30000 0.006233
40000 0.007784
50000 0.009199
60000 0.011193
70000 0.013196
80000 0.015322
90000 0.016945
100000 0.018348
110000 0.020171
120000 0.022319
130000 0.027206
140000 0.026230
150000 0.028956
160000 0.028737
170000 0.032876
180000 0.034188
190000 0.042485
200000 0.043248
210000 0.045593
220000 0.040567
230000 0.041910
240000 0.045115
250000 0.045708
260000 0.047640
270000 0.048794
280000 0.050934
290000 0.053318
300000 0.054613
310000 0.056389
320000 0.058446
330000 0.059811
340000 0.067073
350000 0.069566
360000 0.072195
370000 0.083085
380000 0.071651
390000 0.070394
400000 0.076746
410000 0.076735
420000 0.077824
430000 0.080355
440000 0.080026
450000 0.083413
460000 0.082373
470000 0.085527
480000 0.090034
490000 0.091597
500000 0.091075
510000 0.092505
520000 0.096350
530000 0.099662
540000 0.096443
550000 0.107240
560000 0.108786
570000 0.107711
580000 0.104717
590000 0.108608
600000 0.112667
610000 0.110070
620000 0.113580
630000 0.117108
640000 0.115448
650000 0.120812
660000 0.117223
670000 0.128953
680000 0.122578
690000 0.121297
700000 0.142050
710000 0.138746
720000 0.135631
730000 0.133317
740000 0.135467
750000 0.135260
760000 0.140252
770000 0.135483
780000 0.141696
790000 0.149066
800000 0.149418
810000 0.148231
820000 0.154135
830000 0.152290
840000 0.156034
850000 0.159500
860000 0.153582
870000 0.159317
880000 0.160004
890000 0.164288
900000 0.162930
910000 0.161279
920000 0.167514
930000 0.169859
940000 0.168448
950000 0.173710
960000 0.168471
970000 0.176463
980000 0.176537
990000 0.180568
1000000 0.188085
