0 0.000001
10000 0.001235
20000 0.002536
30000 0.003860
40000 0.005266
50000 0.006938
60000 0.008004
70000 0.009384
80000 0.011209
90000 0.013427
100000 0.013591
110000 0.015463
120000 0.017647
130000 0.018110
140000 0.019946
150000 0.020659
160000 0.022184
170000 0.024179
180000 0.025028
190000 0.026689
200000 0.028076
210000 0.030186
220000 0.031363
230000 0.032229
240000 0.033490
250000 0.035311
260000 0.036494
270000 0.038652
280000 0.039818
290000 0.041011
300000 0.043558
310000 0.043780
320000 0.045466
330000 0.046563
340000 0.048989
350000 0.049911
360000 0.050955
370000 0.053191
380000 0.054810
390000 0.056135
400000 0.057224
410000 0.059076
420000 0.059997
430000 0.061659
440000 0.063430
450000 0.066716
460000 0.066013
470000 0.067174
480000 0.068808
490000 0.070524
500000 0.071441
510000 0.073618
520000 0.081039
530000 0.105929
540000 0.085350
550000 0.087542
560000 0.094393
570000 0.085999
580000 0.102392
590000 0.131529
600000 0.122476
610000 0.133613
620000 0.115074
630000 0.131819
640000 0.141149
650000 0.157205
660000 0.132992
670000 0.155645
680000 0.140962
690000 0.140763
700000 0.135732
710000 0.153764
720000 0.174791
730000 0.163764
740000 0.158293
750000 0.160100
760000 0.176310
770000 0.187916
780000 0.188650
790000 0.185147
800000 0.166444
810000 0.155058
820000 0.164749
830000 0.181699
840000 0.177778
850000 0.173523
860000 0.201889
870000 0.192682
880000 0.170419
890000 0.183845
900000 0.197335
910000 0.192333
920000 0.235609
930000 0.217025
940000 0.189614
950000 0.190560
960000 0.207162
970000 0.204379
980000 0.203177
990000 0.214426
1000000 0.225576
