0 0.000001
10000 0.001603
20000 0.003446
30000 0.005334
40000 0.007163
50000 0.009209
60000 0.011319
70000 0.014605
80000 0.015301
90000 0.017373
100000 0.019954
110000 0.022016
120000 0.023543
130000 0.025460
140000 0.027451
150000 0.030440
160000 0.033902
170000 0.035543
180000 0.035848
190000 0.038443
200000 0.041101
210000 0.044840
220000 0.046755
230000 0.050888
240000 0.050911
250000 0.053342
260000 0.057138
270000 0.059467
280000 0.063653
290000 0.067042
300000 0.093028
310000 0.071158
320000 0.074956
330000 0.088670
340000 0.092022
350000 0.085053
360000 0.093660
370000 0.144068
380000 0.154192
390000 0.126225
400000 0.137267
410000 0.131341
420000 0.157894
430000 0.157905
440000 0.139460
450000 0.158412
460000 0.152858
470000 0.168643
480000 0.178216
490000 0.174211
500000 0.195517
510000 0.199547
520000 0.192658
530000 0.197067
540000 0.198619
550000 0.234122
560000 0.224357
570000 0.208838
580000 0.226661
590000 0.229146
600000 0.252873
610000 0.241910
620000 0.248842
630000 0.242049
640000 0.266501
650000 0.264099
660000 0.265892
670000 0.267813
680000 0.279544
690000 0.286534
700000 0.324559
710000 0.274807
720000 0.320763
730000 0.301923
740000 0.286016
750000 0.310488
760000 0.323926
770000 0.349881
780000 0.326356
790000 0.316597
800000 0.338646
810000 0.333153
820000 0.324376
830000 0.347663
840000 0.369802
850000 0.348430
860000 0.394227
870000 0.363331
880000 0.384537
890000 0.386812
900000 0.380635
910000 0.414885
920000 0.456967
930000 0.410861
940000 0.447697
950000 0.442829
960000 0.408136
970000 0.416904
980000 0.439271
990000 0.444254
1000000 0.436798
