0 0.000000
10000 0.001214
20000 0.002590
30000 0.004548
40000 0.005306
50000 0.006702
60000 0.007997
70000 0.009357
80000 0.010674
90000 0.012137
100000 0.013525
110000 0.014947
120000 0.016510
130000 0.017787
140000 0.020390
150000 0.021501
160000 0.022239
170000 0.024611
180000 0.025597
190000 0.026607
200000 0.028209
210000 0.029610
220000 0.031279
230000 0.032077
240000 0.035165
250000 0.035206
260000 0.036471
270000 0.037984
280000 0.039611
290000 0.042501
300000 0.042447
310000 0.043633
320000 0.045327
330000 0.048370
340000 0.048329
350000 0.051414
360000 0.051775
370000 0.053072
380000 0.054213
390000 0.055784
400000 0.056635
410000 0.060058
420000 0.060032
430000 0.061338
440000 0.066518
450000 0.065059
460000 0.065674
470000 0.069289
480000 0.069223
490000 0.070426
500000 0.073842
510000 0.073502
520000 0.077064
530000 0.076377
540000 0.078077
550000 0.080511
560000 0.080604
570000 0.082829
580000 0.084085
590000 0.087205
600000 0.087683
610000 0.088718
620000 0.091594
630000 0.093053
640000 0.094228
650000 0.094720
660000 0.097598
670000 0.097683
680000 0.101696
690000 0.100372
700000 0.104396
710000 0.103420
720000 0.106358
730000 0.113211
740000 0.108739
750000 0.109566
760000 0.112372
770000 0.114844
780000 0.114267
790000 0.116433
800000 0.119972
810000 0.120094
820000 0.122369
830000 0.124384
840000 0.124063
850000 0.129533
860000 0.128654
870000 0.130424
880000 0.132159
890000 0.131618
900000 0.139312
910000 0.135108
920000 0.137082
930000 0.141403
940000 0.140962
950000 0.141826
960000 0.142955
970000 0.144898
980000 0.150646
990000 0.150573
1000000 0.149297
