0 0.000000
10000 0.003527
20000 0.007893
30000 0.012432
40000 0.017325
50000 0.020928
60000 0.025658
70000 0.029953
80000 0.038876
90000 0.044774
100000 0.050510
110000 0.054999
120000 0.059653
130000 0.091485
140000 0.085845
150000 0.080651
160000 0.092108
170000 0.086053
180000 0.088905
190000 0.101406
200000 0.108935
210000 0.109294
220000 0.128847
230000 0.138232
240000 0.136039
250000 0.143253
260000 0.163318
270000 0.172342
280000 0.176180
290000 0.222143
300000 0.207227
310000 0.176778
320000 0.195928
330000 0.167294
340000 0.170131
350000 0.191172
360000 0.190809
370000 0.192400
380000 0.191747
390000 0.197908
400000 0.201169
410000 0.207885
420000 0.210516
430000 0.214450
440000 0.227922
450000 0.231051
460000 0.233362
470000 0.239634
480000 0.244559
490000 0.249141
500000 0.256808
510000 0.261118
520000 0.273868
530000 0.270696
540000 0.281417
550000 0.285387
560000 0.289132
570000 0.294409
580000 0.299653
590000 0.303999
600000 0.309776
610000 0.315857
620000 0.320416
630000 0.329114
640000 0.331411
650000 0.340988
660000 0.346386
670000 0.353999
680000 0.366344
690000 0.362007
700000 0.369219
710000 0.403999
720000 0.392431
730000 0.393982
740000 0.512166
750000 0.509675
760000 0.523445
770000 0.425757
780000 0.429788
790000 0.433133
800000 0.432473
810000 0.439458
820000 0.440761
830000 0.451361
840000 0.453727
850000 0.458941
860000 0.465033
870000 0.474152
880000 0.480421
890000 0.484501
900000 0.491209
910000 0.503226
920000 0.500561
930000 0.506165
940000 0.512939
950000 0.515000
960000 0.523791
970000 0.538456
980000 0.542953
990000 0.560564
1000000 0.567986
