0 0.000000
10000 0.003855
20000 0.008279
30000 0.012445
40000 0.017026
50000 0.023217
60000 0.029673
70000 0.032784
80000 0.042617
90000 0.040150
100000 0.046255
110000 0.054784
120000 0.066219
130000 0.069410
140000 0.078765
150000 0.072408
160000 0.070880
170000 0.070933
180000 0.076550
190000 0.079838
200000 0.084815
210000 0.089653
220000 0.093194
230000 0.096654
240000 0.104332
250000 0.103714
260000 0.110727
270000 0.120244
280000 0.120497
290000 0.129310
300000 0.130777
310000 0.158187
320000 0.138380
330000 0.146082
340000 0.147483
350000 0.157787
360000 0.157734
370000 0.161055
380000 0.164032
390000 0.169341
400000 0.174239
410000 0.181965
420000 0.184998
430000 0.187862
440000 0.191926
450000 0.197758
460000 0.201323
470000 0.210207
480000 0.212490
490000 0.212660
500000 0.218212
510000 0.225130
520000 0.229611
530000 0.240757
540000 0.245299
550000 0.251468
560000 0.256122
570000 0.255195
580000 0.260294
590000 0.270545
600000 0.270870
610000 0.276176
620000 0.277320
630000 0.299122
640000 0.299811
650000 0.291825
660000 0.303910
670000 0.300387
680000 0.306294
690000 0.314233
700000 0.317367
710000 0.322658
720000 0.325634
730000 0.372950
740000 0.439643
750000 0.442659
760000 0.373860
770000 0.379585
780000 0.399868
790000 0.378327
800000 0.376387
810000 0.384158
820000 0.385740
830000 0.418878
840000 0.413604
850000 0.464109
860000 0.413209
870000 0.433696
880000 0.415929
890000 0.438585
900000 0.444453
910000 0.420106
920000 0.425248
930000 0.427957
940000 0.434960
950000 0.439686
960000 0.438017
970000 0.451293
980000 0.481958
990000 0.450954
1000000 0.461314
