0 0.000003
10000 0.002162
20000 0.005387
30000 0.008539
40000 0.010485
50000 0.013102
60000 0.015832
70000 0.020682
80000 0.021890
90000 0.026779
100000 0.030700
110000 0.035280
120000 0.035765
130000 0.038318
140000 0.046713
150000 0.045164
160000 0.048404
170000 0.055832
180000 0.058760
190000 0.058417
200000 0.060995
210000 0.063313
220000 0.067865
230000 0.073325
240000 0.086682
250000 0.076915
260000 0.084020
270000 0.084993
280000 0.089091
290000 0.090614
300000 0.094850
310000 0.098548
320000 0.104147
330000 0.111504
340000 0.115695
350000 0.146826
360000 0.120394
370000 0.120893
380000 0.120066
390000 0.120715
400000 0.124989
410000 0.129399
420000 0.179890
430000 0.140186
440000 0.146771
450000 0.154942
460000 0.150676
470000 0.152583
480000 0.159504
490000 0.164308
500000 0.167235
510000 0.165782
520000 0.168745
530000 0.174625
540000 0.187726
550000 0.189164
560000 0.182932
570000 0.191502
580000 0.191944
590000 0.198922
600000 0.196754
610000 0.199211
620000 0.204624
630000 0.200762
640000 0.205873
650000 0.210580
660000 0.214003
670000 0.218428
680000 0.232168
690000 0.252548
700000 0.235987
710000 0.241292
720000 0.242803
730000 0.241037
740000 0.251553
750000 0.253151
760000 0.269264
770000 0.269170
780000 0.269367
790000 0.280333
800000 0.281770
810000 0.271691
820000 0.276415
830000 0.281041
840000 0.291968
850000 0.288045
860000 0.290976
870000 0.301965
880000 0.319350
890000 0.306557
900000 0.320719
910000 0.312961
920000 0.314386
930000 0.328495
940000 0.349417
950000 0.334856
960000 0.340284
970000 0.328448
980000 0.350017
990000 0.345392
1000000 0.359035
