0 0.000000
10000 0.000389
20000 0.000676
30000 0.001024
40000 0.001472
50000 0.001737
60000 0.002188
70000 0.002334
80000 0.002759
90000 0.003061
100000 0.003513
110000 0.003856
120000 0.004062
130000 0.004341
140000 0.005228
150000 0.006262
160000 0.005526
170000 0.005819
180000 0.006272
190000 0.006662
200000 0.008231
210000 0.008988
220000 0.009353
230000 0.010651
240000 0.009791
250000 0.010426
260000 0.010372
270000 0.011033
280000 0.010084
290000 0.012102
300000 0.010977
310000 0.012370
320000 0.013363
330000 0.013342
340000 0.012492
350000 0.013248
360000 0.016187
370000 0.015904
380000 0.014017
390000 0.014256
400000 0.018723
410000 0.019700
420000 0.015782
430000 0.015548
440000 0.017807
450000 0.018980
460000 0.019785
470000 0.018381
480000 0.017609
490000 0.017273
500000 0.019945
510000 0.019099
520000 0.019754
530000 0.022632
540000 0.025575
550000 0.019630
560000 0.021460
570000 0.020766
580000 0.021453
590000 0.020798
600000 0.021855
610000 0.022892
620000 0.022269
630000 0.023963
640000 0.024591
650000 0.024256
660000 0.024591
670000 0.024566
680000 0.024199
690000 0.027174
700000 0.027801
710000 0.036492
720000 0.030004
730000 0.028380
740000 0.033803
750000 0.032534
760000 0.037922
770000 0.044102
780000 0.037406
790000 0.044411
800000 0.042558
810000 0.050331
820000 0.046595
830000 0.038844
840000 0.044411
850000 0.043701
860000 0.044112
870000 0.045700
880000 0.052937
890000 0.050299
900000 0.050537
910000 0.049959
920000 0.046281
930000 0.053231
940000 0.047923
950000 0.054385
960000 0.055488
970000 0.051235
980000 0.055519
990000 0.054966
1000000 0.049454
