0 0.000002
10000 0.000660
20000 0.001357
30000 0.001668
40000 0.002189
50000 0.002547
60000 0.003280
70000 0.003661
80000 0.004282
90000 0.006266
100000 0.006151
110000 0.005895
120000 0.005821
130000 0.006736
140000 0.008524
150000 0.007729
160000 0.007809
170000 0.008365
180000 0.008786
190000 0.009692
200000 0.019843
210000 0.012517
220000 0.011304
230000 0.011783
240000 0.012205
250000 0.012099
260000 0.017301
270000 0.013773
280000 0.014000
290000 0.014313
300000 0.017488
310000 0.022448
320000 0.019298
330000 0.024969
340000 0.020525
350000 0.021118
360000 0.023336
370000 0.026748
380000 0.029785
390000 0.024196
400000 0.024786
410000 0.025930
420000 0.026362
430000 0.027163
440000 0.027506
450000 0.034233
460000 0.033353
470000 0.027960
480000 0.032115
490000 0.029590
500000 0.032674
510000 0.038732
520000 0.032300
530000 0.031509
540000 0.042023
550000 0.039145
560000 0.039826
570000 0.039139
580000 0.037667
590000 0.035927
600000 0.041292
610000 0.039769
620000 0.053835
630000 0.043036
640000 0.039138
650000 0.045679
660000 0.046784
670000 0.043902
680000 0.046871
690000 0.042843
700000 0.043780
710000 0.049567
720000 0.059165
730000 0.045392
740000 0.050456
750000 0.069740
760000 0.050597
770000 0.063141
780000 0.053155
790000 0.069400
800000 0.054501
810000 0.060213
820000 0.054642
830000 0.057995
840000 0.064246
850000 0.058616
860000 0.062283
870000 0.064946
880000 0.074975
890000 0.062898
900000 0.058918
910000 0.070843
920000 0.057234
930000 0.063042
940000 0.068017
950000 0.069223
960000 0.063944
970000 0.062133
980000 0.070507
990000 0.066463
1000000 0.089089
