0 0.000000
10000 0.004317
20000 0.009078
30000 0.014392
40000 0.020699
50000 0.024851
60000 0.030929
70000 0.037149
80000 0.044566
90000 0.050008
100000 0.056758
110000 0.062065
120000 0.067470
130000 0.076401
140000 0.081181
150000 0.151350
160000 0.126907
170000 0.102768
180000 0.112493
190000 0.113111
200000 0.126267
210000 0.144645
220000 0.175530
230000 0.205655
240000 0.203802
250000 0.219819
260000 0.227112
270000 0.267683
280000 0.257058
290000 0.269030
300000 0.275841
310000 0.296658
320000 0.299573
330000 0.306690
340000 0.305614
350000 0.308458
360000 0.314981
370000 0.376470
380000 0.316428
390000 0.345329
400000 0.353839
410000 0.413375
420000 0.394950
430000 0.360989
440000 0.403110
450000 0.417191
460000 0.425583
470000 0.448550
480000 0.419162
490000 0.457426
500000 0.507694
510000 0.466577
520000 0.467633
530000 0.493219
540000 0.487262
550000 0.554964
560000 0.574916
570000 0.641101
580000 0.558017
590000 0.613423
600000 0.624364
610000 0.809644
620000 0.796042
630000 0.717422
640000 0.764723
650000 0.802524
660000 0.781771
670000 0.702679
680000 0.682374
690000 0.710727
700000 0.801761
710000 0.781128
720000 0.760905
730000 0.908498
740000 0.760369
750000 0.780946
760000 0.802230
770000 0.851592
780000 0.540296
790000 0.535552
800000 0.555731
810000 0.575077
820000 0.549511
830000 0.549573
840000 0.563215
850000 0.659329
860000 0.625566
870000 1.115009
880000 0.942758
890000 0.997213
900000 0.974039
910000 0.941861
920000 0.992325
930000 0.956610
940000 0.951936
950000 0.972643
960000 1.000123
970000 1.004686
980000 0.988348
990000 0.671214
1000000 0.680910
